32 1
70 40 230 350 300 1 1 1 1
70 390 230 350 300 1 1 1 1
675 35 140 114 300 1 1 1 1
675 38 140 114 300 1 1 1 1
853 30 130 90 300 1 1 1 1
853 33 130 90 300 1 1 1 1
830 3 30 60 300 1 1 1 1
830 6 30 60 300 1 1 1 1
710 250 210 130 300 1 1 1 1
710 253 210 130 300 1 1 1 1
890 134 140 100 300 1 1 1 1
890 137 140 100 300 1 1 1 1
775 145 110 97 300 1 1 1 1
775 145 110 97 300 1 1 1 1
930 260 90 140 300 1 1 1 1
930 260 90 140 300 1 1 1 1
862 426 130 62 300 1 1 1 1
862 426 130 62 300 1 1 1 1
862 494 130 37 300 1 1 1 1
862 494 130 37 300 1 1 1 1
693 152 65 32 300 1 1 1 1
693 155 65 32 300 1 1 1 1
711 190 50 50 300 1 1 1 1
711 193 50 50 300 1 1 1 1
325 587 111 162 300 0 0 100 220
325 587 111 162 300 0 0 100 220
436 587 95 162 300 50 1 1 1
536 587 95 162 300 1 1 1 1
300 5 378 150 0 1 1 1 1